0 -150 70 -150
70 -150 100 -200
100 -200 130 -150
130 -150 150 -150
150 -150 150 -100
150 -100 350 -130
350 -130 150 -90
150 -90 380 -85
380 -85 150 -80
150 -80 350 -50
350 -50 150 -75
150 -75 150 -60
150 -60 0 -50
0 -50 0 -150
0 -50 0 -150
-150 -60 0 -50
-150 -75 -150 -60
-350 -50 -150 -75
-150 -80 -350 -50
-380 -85 -150 -80
-150 -90 -380 -85
-350 -130 -150 -90
-150 -100 -350 -130
-150 -150 -150 -100
-130 -150 -150 -150
-100 -200 -130 -150
-70 -150 -100 -200
0 -150 -70 -150
-10 -100 10 -100
10 -100 0 -80
0 -80 -10 -100
